0.000000s
0 5
1 2
2 3
3 5
4 2
5 1
6 4
7 3
8 3
9 11
10 2
11 5
12 2
13 1
14 1
15 7
16 9
17 5
18 1
19 1
20 4
21 4
22 3
23 9
24 4
25 1
26 1
27 1
28 3
29 1
30 1
31 5
32 5
33 1
34 5
35 11
36 1
37 1
38 1
39 4
40 4
41 5
42 1
43 7
44 1
45 4
46 4
47 1
48 5
49 2
50 7
51 1
52 2
53 1
54 5
55 7
56 11
57 2
58 11
59 2
60 6
61 1
62 5
63 4
64 1
65 5
66 1
67 11
68 9
69 3
70 11
71 2
72 3
73 2
74 1
75 9
76 1
77 1
78 7
79 5
80 1
81 2
82 4
83 7
84 3
85 5
86 2
87 11
88 4
89 11
90 11
91 2
92 1
93 2
94 2
95 1
96 1
97 1
98 3
99 3
100 1
101 5
102 7
103 2
104 4
105 2
106 3
107 8
108 4
109 3
110 2
111 4
112 2
113 5
114 5
115 2
116 11
117 9
118 4
119 9
120 2
121 3
122 2
123 5
124 4
125 2
126 3
127 4
128 10
129 2
130 8
131 11
132 2
133 2
134 5
135 6
136 8
137 5
138 2
139 2
140 2
141 2
142 5
143 5
144 5
145 3
146 5
147 4
148 4
149 5
150 5
151 11
152 5
153 1
154 7
155 7
156 1
157 6
158 7
159 5
160 2
161 1
162 2
163 4
164 5
165 5
166 4
167 1
168 1
169 5
170 3
171 4
172 5
173 1
174 5
175 5
176 4
177 3
178 2
179 5
180 1
181 6
182 11
183 5
184 5
185 5
186 3
187 3
188 1
189 5
190 1
191 3
192 2
193 5
194 2
195 10
196 1
197 1
198 11
199 2
200 1
201 1
202 5
203 2
204 2
205 1
206 3
207 1
208 8
209 1
210 7
211 1
212 5
213 1
214 5
215 2
216 3
217 11
218 1
219 1
220 4
221 2
222 4
223 5
224 5
225 5
226 2
227 7
228 2
229 11
230 4
231 1
232 5
233 1
234 1
235 5
236 1
237 9
238 10
239 1
240 5
241 3
242 8
243 3
244 5
245 9
246 2
247 1
248 11
249 5
250 3
251 3
252 7
253 5
254 10
255 1
256 3
257 6
258 4
259 5
260 3
261 4
262 3
263 2
264 5
265 11
266 2
267 1
268 2
269 5
270 3
271 2
272 1
273 1
274 9
275 9
276 5
277 2
278 2
279 3
280 1
281 2
282 5
283 1
284 2
285 4
286 2
287 2
288 11
289 11
290 4
291 4
292 5
293 3
294 1
295 1
296 1
297 2
298 3
299 5
300 5
301 1
302 3
303 2
304 1
305 3
306 3
307 5
308 2
309 1
310 1
311 5
312 2
313 4
314 1
315 4
316 2
317 11
318 2
319 5
320 3
321 5
322 2
323 8
324 7
325 5
326 1
327 3
328 5
329 5
330 2
331 2
332 1
333 3
334 9
335 5
336 2
337 2
338 6
339 3
340 11
341 2
342 9
343 11
344 2
345 5
346 2
347 5
348 2
349 1
350 11
351 10
352 7
353 4
354 4
355 7
356 3
357 5
358 3
359 3
360 6
361 7
362 3
363 4
364 5
365 4
366 1
367 1
368 4
369 2
370 1
371 2
372 11
373 3
374 9
375 7
376 1
377 5
378 1
379 1
380 5
381 1
382 4
383 6
384 1
385 4
386 5
387 1
388 3
389 11
390 1
391 1
392 2
393 2
394 1
395 4
396 1
397 5
398 5
399 1
400 9
401 1
402 1
403 4
404 7
405 2
406 1
407 2
408 4
409 1
410 3
411 1
412 1
413 4
414 3
415 1
416 4
417 2
418 3
419 9
420 3
421 5
422 2
423 2
424 4
425 1
426 4
427 4
428 1
429 4
430 2
431 2
432 7
433 3
434 11
435 2
436 5
437 7
438 3
439 8
440 3
441 5
442 2
443 1
444 3
445 4
446 11
447 1
448 4
449 5
450 5
451 4
452 7
453 2
454 4
455 2
456 5
457 2
458 6
459 5
460 4
461 2
462 1
463 2
464 1
465 11
466 8
467 3
468 1
469 5
470 3
471 2
472 2
473 6
474 3
475 1
476 4
477 1
478 4
479 6
480 3
481 1
482 1
483 1
484 3
485 5
486 3
487 2
488 5
489 1
490 1
491 5
492 1
493 1
494 5
495 2
496 1
497 3
498 8
499 2
500 1
501 4
502 4
503 1
504 3
505 11
506 1
507 5
508 5
509 3
510 5
511 1
512 1
513 1
514 1
515 5
516 9
517 4
518 5
519 2
520 1
521 2
522 5
523 1
524 5
525 3
526 7
527 4
528 1
529 2
530 1
531 5
532 2
533 2
534 1
535 4
536 7
537 1
538 5
539 2
540 2
541 1
542 1
543 5
544 3
545 9
546 5
547 4
548 2
549 2
550 11
551 1
552 4
553 2
554 4
555 5
556 1
557 4
558 10
559 3
560 1
561 1
562 1
563 5
564 1
565 2
566 3
567 2
568 3
569 3
570 10
571 4
572 4
573 1
574 2
575 2
576 10
577 7
578 5
579 3
580 6
581 5
582 1
583 3
584 10
585 4
586 1
587 4
588 2
589 2
590 1
591 4
592 1
593 10
594 2
595 5
596 5
597 11
598 5
599 5
600 1
601 11
602 3
603 11
604 1
605 3
606 1
607 1
608 5
609 3
610 2
611 11
612 4
613 9
614 1
615 3
616 11
617 3
618 2
619 4
