0.063505s
0 58 603
276 619 555
265 58 302
23 58 434
157 90 603
576 603 361
616 603 361
340 603 39
558 603 198
576 603 39
522 619 555
265 611 1
265 611 436
265 611 361
265 611 458
265 611 172
265 611 432
265 611 136
265 611 426
265 246 182
265 531 345
265 436 531
265 436 261
265 436 229
265 436 227
265 352 616
265 352 227
265 229 549
265 616 361
265 227 121
265 151 143
265 4 254
265 245 322
265 558 254
265 599 346
265 7 35
265 578 588
265 35 243
265 229 111
265 41 465
265 578 67
265 531 67
265 183 67
265 43 360
265 43 83
265 432 198
265 479 432
265 386 432
265 364 432
265 408 143
265 408 599
265 397 143
265 172 143
265 172 599
265 242 68
265 576 128
265 54 275
265 397 169
265 41 594
265 41 397
265 41 321
265 41 121
265 183 32
265 364 32
265 159 32
265 183 166
265 364 458
265 364 397
265 364 360
265 159 458
265 397 159
265 159 360
265 558 136
265 439 136
265 116 243
265 397 261
265 404 321
265 121 433
265 479 360
265 404 360
265 116 59
265 479 458
265 404 375
265 120 375
182 345 451
389 50 182
50 182 289
50 182 131
557 90 182
473 90 182
350 182 463
89 182 300
389 182 451
580 151 345
203 345 435
65 3 608
3 608 377
450 3 377
299 3 377
3 185 377
40 352 3
40 484 3
450 65 3
65 299 3
65 3 185
377 608 538
240 65 608
240 608 377
17 65 608
240 563 377
356 299 377
356 185 377
450 538 377
538 299 377
538 185 377
240 450 377
240 299 377
240 185 377
40 240 484
352 248 224
352 368 470
352 224 470
352 385 498
526 352 498
240 450 65
17 450 65
240 299 65
17 299 65
240 65 185
17 65 185
65 333 185
557 227 90
557 90 151
195 227 90
90 289 157
90 131 157
473 90 217
597 90 434
90 434 242
206 90 9
473 206 90
90 238 550
597 90 342
580 151 143
89 558 254
362 429 478
535 497 478
176 362 478
176 497 478
518 424 480
518 327 480
518 348 424
518 424 31
518 424 118
518 327 31
518 357 118
518 357 430
518 357 79
518 357 532
518 508 328
518 63 139
518 327 164
518 579 524
518 524 457
518 566 524
518 524 421
518 515 612
518 421 292
518 292 328
518 297 448
518 414 79
518 85 79
518 414 335
518 585 448
518 487 448
518 612 292
518 316 199
518 566 199
7 339 444
293 155 570
305 106 583
8 73 369
434 242 323
617 217 317
288 23 157
288 157 289
288 157 131
288 340 130
288 576 593
288 208 455
288 202 340
288 459 340
288 340 208
288 536 70
289 56 128
289 510 157
289 510 217
289 238 325
340 343 593
116 558 593
558 343 593
474 88 550
157 510 131
325 238 131
89 128 446
389 350 446
389 229 446
340 208 446
128 135 446
128 208 446
89 558 343
89 54 275
89 245 217
89 300 32
89 558 136
89 155 136
202 340 343
459 340 343
340 343 342
340 343 208
245 473 340
170 340 70
340 43 39
291 67 248
416 67 248
242 248 498
389 229 111
554 389 229
576 229 445
389 229 136
617 217 56
107 291 67
107 67 416
257 23 157
578 50 67
389 50 67
183 50 67
245 291 67
245 416 67
410 505 67
389 531 67
43 67 102
43 67 577
323 242 498
323 498 162
253 69 498
385 69 498
526 498 70
88 460 498
474 88 498
258 476 181
485 115 145
318 264 174
116 536 70
269 72 70
526 536 70
403 526 70
170 383 70
454 389 432
410 505 269
386 432 260
334 516 21
545 329 84
545 329 609
545 101 124
545 124 613
329 374 84
329 374 609
101 124 374
124 374 613
263 311 613
408 581 143
172 581 143
397 581 143
32 300 581
441 329 21
22 187 104
342 343 372
558 343 536
235 368 363
424 491 31
424 491 164
31 285 193
31 507 546
31 491 142
31 41 193
31 449 193
31 524 488
357 79 491
164 507 546
507 79 85
507 79 546
508 491 328
164 491 142
123 179 491
612 515 491
181 109 169
282 62 169
347 524 488
164 524 488
313 524 488
596 524 488
403 526 517
558 526 536
181 109 320
116 558 536
558 536 136
262 224 470
244 472 235
389 298 360
389 82 451
389 554 451
389 451 111
389 350 177
601 217 589
392 62 282
563 253 91
154 331 78
86 578 46
578 110 46
578 46 417
52 113 494
154 533 214
245 473 217
461 574 141
610 323 162
567 93 146
539 495 178
290 563 81
563 232 134
82 261 451
94 93 103
93 103 567
319 522 619
365 222 522
458 386 135
458 386 260
262 368 470
204 540 215
405 540 215
