node :620 edge : 2091
density is :0.010896867997290114
average_degree is :6.745161290322581
0 276
0 58
0 132
0 603
0 398
0 555
276 113
276 149
276 296
276 619
276 494
276 398
276 598
276 555
58 23
58 35
58 89
58 90
58 265
58 601
58 434
58 537
58 350
58 603
58 611
58 616
58 302
58 87
132 198
603 56
603 67
603 68
603 90
603 157
603 182
603 198
603 217
603 238
603 151
603 271
603 317
603 361
603 340
603 350
603 355
603 372
603 39
603 446
603 558
603 576
603 584
603 597
603 601
603 616
398 113
398 194
398 319
398 365
398 522
398 598
398 555
555 113
555 149
555 202
555 308
555 358
555 365
555 423
555 459
555 467
555 494
555 522
555 565
555 619
555 598
1 265
1 611
265 2
265 4
265 7
265 9
265 15
265 18
265 408
265 32
265 34
265 35
265 41
265 43
265 44
265 54
265 56
265 59
265 60
265 62
265 67
265 68
265 70
265 71
265 419
265 83
265 87
265 88
265 90
265 97
265 107
265 111
265 112
265 116
265 120
265 121
265 128
265 131
265 136
265 140
265 143
265 148
265 155
265 159
265 161
265 166
265 169
265 172
265 182
265 183
265 198
265 217
265 221
265 227
265 229
265 233
265 238
265 242
265 243
265 151
265 245
265 246
265 254
265 257
265 261
265 317
265 476
265 320
265 479
265 322
265 324
265 271
265 175
265 338
265 340
265 341
265 312
265 345
265 346
265 404
265 349
265 350
265 351
265 505
265 321
265 360
265 361
265 364
265 343
265 372
265 375
265 439
265 531
265 383
265 384
265 386
265 510
265 549
265 397
265 458
265 558
265 569
265 275
265 570
265 277
265 352
265 576
265 578
265 584
265 288
265 426
265 588
265 432
265 433
265 436
265 594
265 300
265 597
265 302
265 446
265 599
265 601
265 449
265 248
265 454
265 456
265 309
265 611
265 464
265 465
265 615
265 616
611 9
611 32
611 35
611 41
611 56
611 62
611 67
611 70
611 87
611 90
611 116
611 136
611 166
611 169
611 172
611 182
611 217
611 238
611 242
611 151
611 245
611 275
611 288
611 300
611 317
611 361
611 324
611 340
611 343
611 383
611 350
611 372
611 175
611 426
611 432
611 436
611 446
611 449
611 248
611 458
611 505
611 584
611 615
611 597
2 182
2 345
182 557
182 23
182 50
182 56
182 87
182 89
182 90
182 116
182 131
182 143
182 166
182 246
182 317
182 473
182 289
182 389
182 350
182 300
182 463
182 375
182 456
182 229
182 345
182 439
182 195
182 198
182 451
345 56
345 203
345 151
345 391
345 435
345 451
345 531
345 580
3 608
3 377
3 40
3 352
3 450
3 484
3 299
3 65
3 185
3 228
608 17
608 65
608 240
608 377
608 449
608 538
377 185
377 240
377 299
377 344
377 356
377 538
377 450
377 563
40 344
40 333
40 352
40 538
40 484
40 240
352 13
352 526
352 67
352 244
352 181
352 224
352 227
352 235
352 317
352 385
352 434
352 248
352 470
352 498
352 368
352 616
450 17
450 65
450 240
450 449
450 538
484 240
299 17
299 65
299 168
299 240
299 272
299 575
299 538
299 577
299 356
65 17
65 333
65 185
65 240
185 17
185 333
185 538
185 356
185 240
185 432
228 392
557 227
557 90
557 151
557 394
227 23
227 87
227 90
227 121
227 135
227 195
227 436
227 370
227 577
227 442
227 453
227 102
90 9
90 35
90 56
90 67
90 70
90 87
90 89
90 317
90 473
90 116
90 206
90 355
90 157
90 505
90 389
90 479
90 434
90 324
90 550
90 130
90 131
90 584
90 208
90 597
90 601
90 372
90 340
90 342
90 229
90 275
90 198
90 289
90 217
90 350
90 439
90 373
90 238
90 413
90 195
90 616
90 580
90 351
90 242
90 151
151 56
151 87
151 89
151 116
151 130
151 131
151 143
151 195
151 229
151 389
151 289
151 375
151 597
151 580
151 601
4 287
4 254
4 336
287 303
254 9
254 34
254 67
254 70
254 419
254 83
254 89
254 128
254 155
254 570
254 558
254 288
254 465
254 340
254 505
336 303
5 503
503 311
6 429
6 163
6 486
6 478
6 518
429 163
429 535
429 220
429 362
429 427
429 478
163 535
163 561
163 486
163 478
486 478
478 176
478 220
478 362
478 427
478 535
478 497
518 31
518 357
518 38
518 48
518 63
518 79
518 85
518 100
518 424
518 118
518 123
518 127
518 142
518 164
518 165
518 179
518 191
518 199
518 139
518 220
518 255
518 256
518 292
518 297
518 307
518 313
518 315
518 316
518 327
518 328
518 335
518 347
518 348
518 45
518 395
518 414
518 421
518 430
518 448
518 457
518 480
518 487
518 504
518 508
518 515
518 543
518 585
518 595
518 596
518 546
518 602
518 524
518 566
518 572
518 573
518 612
518 532
518 579
7 293
7 305
7 339
7 35
7 444
7 583
293 49
293 155
293 570
305 106
305 339
305 583
339 583
339 444
35 536
35 383
35 289
35 389
35 131
35 597
35 338
35 87
35 89
35 601
35 56
35 439
35 615
35 195
35 198
35 618
35 243
444 106
583 106
8 278
8 434
8 73
8 98
8 369
278 215
434 9
434 23
434 41
434 67
434 70
434 88
434 116
434 242
434 275
434 288
434 317
434 323
434 340
434 343
434 350
434 505
434 584
434 597
73 369
98 74
98 295
98 471
98 216
98 99
98 605
369 173
369 304
9 317
9 288
9 206
9 289
9 249
9 593
9 550
9 131
9 446
9 89
9 15
9 340
9 248
9 229
9 56
9 570
9 189
9 107
9 23
9 465
9 67
9 351
9 498
317 46
317 67
317 70
317 83
317 89
317 107
317 135
317 198
317 217
317 229
317 288
317 289
317 550
317 584
317 505
317 324
317 446
317 372
317 340
317 343
317 576
317 350
317 404
317 617
288 23
288 67
288 68
288 70
288 419
288 83
288 89
288 130
288 131
288 208
288 157
288 189
288 202
288 593
288 249
288 536
288 289
288 550
288 340
288 248
288 455
288 342
288 323
288 570
288 459
288 576
288 528
288 350
288 465
288 616
288 351
206 473
289 50
289 56
289 67
289 87
289 128
289 157
289 217
289 229
289 238
289 122
289 597
289 505
289 510
289 343
289 601
289 340
289 248
289 325
289 351
249 67
249 70
249 340
593 67
593 70
593 116
593 245
593 323
593 558
593 576
593 340
593 597
593 505
593 343
593 275
550 46
550 67
550 70
550 88
550 107
550 238
550 361
550 323
550 340
550 343
550 355
550 372
550 248
550 474
550 505
550 578
550 584
131 50
131 56
131 67
131 87
131 128
131 122
131 157
131 597
131 505
131 510
131 217
131 343
131 601
131 340
131 248
131 325
131 229
131 238
131 351
446 89
446 116
446 128
446 135
446 208
446 229
446 314
446 340
446 350
446 389
446 404
446 558
446 584
446 616
446 505
89 32
89 34
89 54
89 56
89 67
89 70
89 419
89 83
89 87
89 245
89 155
89 597
89 505
89 432
89 324
89 128
89 300
89 343
89 136
89 116
89 558
89 601
89 221
89 340
89 248
89 569
89 275
89 570
89 584
89 217
89 350
89 465
89 351
15 70
15 340
15 67
15 454
15 505
15 43
15 432
15 56
340 23
340 43
340 50
340 56
340 67
340 68
340 70
340 87
340 107
340 130
340 208
340 170
340 181
340 189
340 445
340 195
340 198
340 202
340 229
340 245
340 323
340 570
340 473
340 355
340 505
340 342
340 440
340 343
340 601
340 248
340 568
340 459
340 351
340 39
340 465
340 616
340 581
340 498
248 67
248 70
248 116
248 181
248 224
248 242
248 269
248 291
248 343
248 381
248 416
248 499
248 505
248 599
248 498
229 43
229 56
229 67
229 70
229 87
229 111
229 136
229 445
229 198
229 217
229 597
229 505
229 389
229 509
229 436
229 549
229 396
229 361
229 440
229 554
229 576
56 68
56 383
56 116
56 70
56 597
56 505
56 389
56 479
56 359
56 128
56 439
56 130
56 217
56 338
56 584
56 87
56 601
56 375
56 198
56 102
56 60
56 235
56 577
56 350
56 465
56 238
56 195
56 616
56 617
56 244
56 351
56 67
570 67
570 70
570 419
570 128
570 155
570 505
570 343
189 67
189 70
107 67
107 70
107 383
107 291
107 505
107 416
107 498
23 128
23 257
23 277
23 157
23 343
23 54
23 67
465 41
465 67
465 70
465 419
465 83
465 128
465 343
465 372
465 505
67 43
67 46
67 50
67 245
67 419
67 68
67 70
67 291
67 505
67 389
67 253
67 323
67 440
67 445
67 198
67 181
67 338
67 372
67 183
67 325
67 146
67 102
67 577
67 410
67 578
67 531
67 469
67 351
67 416
67 498
351 342
498 526
498 64
498 69
498 70
498 88
498 232
498 112
498 146
498 148
498 162
498 225
498 242
498 253
498 460
498 290
498 323
498 337
498 354
498 385
498 469
498 474
498 505
498 587
498 571
498 530
498 563
498 511
10 393
10 258
393 190
393 618
393 415
258 181
258 224
258 235
258 363
258 403
258 476
11 212
11 485
11 264
11 380
11 174
11 259
212 485
212 174
212 264
212 380
212 259
485 525
485 115
485 264
485 145
485 174
485 259
485 241
485 380
264 14
264 57
264 145
264 174
264 241
264 259
264 525
264 318
264 380
380 145
380 174
174 318
174 259
12 548
12 618
12 310
548 105
548 267
548 219
548 556
618 216
618 234
618 471
14 326
70 526
70 50
70 68
70 383
70 205
70 72
70 505
70 323
70 536
70 439
70 170
70 473
70 116
70 599
70 181
70 601
70 269
70 403
70 342
70 275
70 102
70 235
70 577
70 616
70 244
454 389
454 432
505 43
505 68
505 146
505 198
505 253
505 269
505 325
505 338
505 410
505 469
505 592
505 599
43 253
43 102
43 360
43 577
43 39
43 83
432 130
432 159
432 198
432 260
432 364
432 375
432 386
432 389
432 479
16 516
16 119
16 400
16 545
16 334
16 237
16 374
16 117
16 274
16 613
16 466
16 75
516 21
516 75
516 237
516 274
516 374
516 400
516 117
516 466
516 334
516 119
516 545
516 613
119 75
119 237
119 274
119 374
119 400
119 117
119 466
119 545
119 334
119 613
400 75
400 237
400 274
400 374
400 545
400 334
400 117
400 613
400 466
545 84
545 101
545 124
545 144
545 150
545 152
545 237
545 284
545 274
545 329
545 353
545 382
545 117
545 441
545 311
545 334
545 609
545 613
334 21
334 75
334 237
334 274
334 374
334 117
334 466
334 613
237 75
237 117
237 374
237 274
237 613
374 84
374 101
374 124
374 144
374 150
374 152
374 284
374 274
374 329
374 353
374 382
374 117
374 441
374 311
374 609
374 613
117 75
117 137
117 274
117 613
117 466
274 75
274 613
274 466
613 75
613 124
613 150
613 263
613 466
613 311
408 418
408 581
408 143
408 599
418 138
418 166
418 440
418 506
581 32
581 140
581 143
581 172
581 300
581 397
143 114
143 134
143 407
143 397
143 184
143 172
143 456
143 580
599 172
599 269
599 346
20 324
20 355
20 481
20 238
20 242
20 160
324 422
324 372
324 616
355 130
355 198
355 616
238 198
238 449
238 616
238 325
242 68
242 323
160 383
21 441
21 329
441 144
441 152
441 220
441 137
441 329
441 353
441 311
329 84
329 101
329 150
329 152
329 137
329 609
329 382
329 311
22 270
22 187
22 104
22 420
270 187
270 420
187 104
187 420
187 217
187 514
104 253
104 290
104 563
104 469
128 419
128 373
128 576
128 404
128 208
128 135
257 87
257 157
257 195
257 616
157 585
157 604
157 510
343 419
343 208
343 202
343 342
343 536
343 558
343 372
343 459
343 616
54 275
54 536
24 547
24 230
24 502
24 306
24 501
24 591
547 108
547 147
547 230
547 306
547 501
547 502
547 527
547 591
230 26
230 28
230 108
230 147
230 501
230 502
230 438
230 306
230 279
230 527
230 591
502 147
502 213
502 501
502 126
501 147
501 279
501 126
501 527
501 605
591 147
591 605
25 363
363 526
363 181
363 224
363 235
363 401
363 388
363 368
27 424
424 31
424 164
424 480
424 256
424 348
424 118
424 491
28 147
28 527
147 108
147 438
147 126
147 527
147 279
527 108
527 438
29 49
49 512
49 71
49 196
49 188
30 126
31 285
31 543
31 357
31 507
31 508
31 491
31 169
31 595
31 41
31 63
31 327
31 266
31 48
31 179
31 546
31 142
31 449
31 269
31 524
31 488
31 515
31 193
31 315
285 62
285 193
285 282
543 357
543 164
543 347
543 524
357 504
357 118
357 430
357 524
357 508
357 164
357 165
357 127
357 395
357 596
357 79
357 515
357 48
357 448
357 179
357 335
357 307
357 491
357 572
357 313
357 63
357 45
357 532
507 79
507 85
507 118
507 164
507 546
508 47
508 164
508 328
508 395
508 491
491 79
491 123
491 142
491 164
491 179
491 328
491 421
491 566
491 612
491 579
491 515
169 62
169 109
169 181
169 397
169 282
595 79
595 164
595 421
595 546
41 594
41 397
41 62
41 193
41 109
41 321
41 121
41 282
63 139
63 448
63 572
63 504
63 602
63 45
63 164
327 164
327 480
266 62
48 524
48 164
179 123
179 164
179 165
179 347
179 596
179 605
179 524
179 292
546 79
546 164
546 421
142 99
142 164
142 596
142 524
449 411
449 62
449 193
449 282
449 553
269 62
269 72
269 410
524 123
524 127
524 164
524 165
524 191
524 307
524 313
524 315
524 328
524 347
524 45
524 395
524 421
524 428
524 457
524 586
524 541
524 551
524 596
524 488
524 566
524 579
488 164
488 313
488 347
488 596
515 164
515 612
193 62
193 146
193 433
193 273
193 282
315 164
32 183
32 364
32 159
32 300
183 50
183 166
183 459
183 202
364 282
364 360
364 397
364 458
159 360
159 397
159 375
159 458
300 303
300 564
164 256
164 176
164 337
164 307
165 596
127 347
596 328
79 414
79 85
448 297
448 572
448 585
448 602
448 487
335 85
335 292
335 307
335 414
307 292
572 19
45 191
45 461
526 552
526 517
526 181
526 558
526 519
526 462
526 224
526 235
526 536
526 403
526 195
526 388
526 87
552 181
552 224
552 235
517 181
517 403
517 224
517 235
181 109
181 235
181 476
181 320
558 116
558 136
558 198
558 536
558 616
519 584
224 244
224 262
224 235
224 376
224 443
224 388
224 470
224 569
235 244
235 368
235 354
235 578
235 472
536 116
536 136
536 302
195 217
195 350
195 597
195 175
195 389
87 389
87 479
87 597
87 338
87 175
87 217
87 601
87 375
87 576
87 350
87 439
87 616
87 580
87 198
34 419
34 373
34 208
419 155
208 136
208 601
208 455
383 170
383 442
389 37
389 50
389 60
389 82
389 111
389 114
389 136
389 177
389 554
389 298
389 312
389 321
389 350
389 360
389 372
389 458
389 451
389 531
597 130
597 198
597 217
597 453
597 342
597 399
597 413
597 601
338 607
601 167
601 198
601 217
601 247
601 576
601 589
601 616
439 60
439 136
439 217
198 60
198 68
198 116
198 245
198 217
198 372
198 102
198 577
198 350
198 580
243 116
243 521
36 490
490 33
240 72
240 563
397 114
397 133
397 184
397 261
397 600
62 392
62 282
109 320
321 135
321 404
121 433
121 553
282 236
282 392
282 341
42 467
467 358
467 494
253 69
253 91
253 232
253 529
253 146
253 148
253 225
253 354
253 563
253 469
253 323
102 217
102 554
360 135
360 298
360 479
360 404
360 568
577 217
577 554
39 250
39 509
39 576
180 496
180 331
180 209
180 520
331 78
331 154
209 33
46 417
46 86
46 578
46 110
417 578
86 578
578 50
578 110
578 588
47 475
47 500
500 513
71 495
50 544
50 171
50 483
50 562
50 330
544 135
544 404
171 82
171 406
171 202
171 459
483 156
483 76
330 436
52 113
52 494
113 559
113 358
113 494
113 319
113 222
113 522
494 149
494 222
494 319
494 332
494 358
494 522
494 598
53 122
275 116
275 584
55 210
55 158
55 154
55 437
55 252
55 78
55 452
55 214
210 78
210 154
210 158
210 252
210 437
210 452
210 223
158 78
158 154
158 437
158 252
158 452
158 214
158 223
154 78
154 129
154 437
154 252
154 214
154 452
154 223
154 533
437 78
437 252
437 521
437 452
252 78
252 223
252 452
78 214
78 452
452 223
214 534
214 223
214 533
116 59
116 366
116 372
116 342
116 616
479 458
359 135
359 404
130 217
130 136
217 245
217 473
217 585
217 589
217 510
217 404
217 576
217 350
217 413
217 617
217 580
584 82
584 225
584 576
375 120
375 404
60 350
350 135
350 177
350 283
350 463
350 404
350 413
616 239
616 245
616 361
616 372
244 61
244 368
244 472
57 148
148 563
537 96
66 141
141 461
141 51
141 280
141 574
245 509
245 322
245 473
245 291
245 580
245 416
323 162
323 610
440 250
445 250
445 576
372 207
372 342
146 93
146 232
146 354
146 567
531 436
469 225
469 290
469 563
69 385
385 460
385 587
385 571
495 178
495 539
155 136
155 576
525 145
115 145
145 241
77 379
379 96
414 186
85 292
80 138
138 114
81 290
81 563
290 225
290 563
563 91
563 232
563 134
563 225
82 261
82 409
82 451
261 436
261 451
451 111
451 554
292 123
292 421
292 612
292 328
175 576
576 136
576 361
88 460
88 474
460 582
460 587
460 571
474 529
136 422
136 568
92 186
186 202
186 459
93 103
93 567
93 94
93 614
103 94
103 567
95 492
95 523
523 605
96 211
216 101
216 176
216 402
99 431
99 108
431 226
101 124
101 311
101 152
311 144
311 150
311 152
311 137
311 263
311 353
152 382
152 137
232 134
134 114
134 184
134 456
134 251
105 521
521 218
521 477
559 192
559 319
559 522
319 149
319 619
319 522
319 365
222 365
222 522
522 149
522 365
522 619
522 598
114 200
114 201
114 184
184 456
184 251
535 220
535 427
535 497
220 176
220 427
362 176
427 176
123 347
125 565
125 308
125 423
529 412
412 153
404 281
404 386
404 458
135 458
135 386
135 281
510 177
133 407
456 251
456 268
251 560
458 260
458 386
386 260
386 298
461 574
144 150
368 262
368 286
368 470
368 476
129 442
223 542
604 378
162 610
176 301
176 497
202 426
459 426
318 447
178 539
539 367
463 268
192 371
371 226
194 619
194 226
199 316
199 566
203 435
204 540
204 215
540 215
540 405
215 405
262 470
443 590
225 493
436 575
436 489
231 425
425 387
271 482
587 571
260 294
286 499
499 468
447 606
387 530
387 390
399 197
